{
    "w": 0,
    "h": 0,
    "fl_x": 0.0,
    "fl_y": 0.0,
    "cx": 0.0,
    "cy": 0.0,
    "frames": [
        {
            "transform_matrix": [
                [
                    1.0,
                    0.0,
                    0.0,
                    0.0
                ],
                [
                    -0.0,
                    -1.0,
                    0.0,
                    -0.0
                ],
                [
                    0.0,
                    -0.0,
                    -1.0,
                    -0.0
                ],
                [
                    0.0,
                    0.0,
                    0.0,
                    1.0
                ]
            ],
            "monst3r_im_id": 1,
            "color_code": "#000000"
        },
        {
            "transform_matrix": [
                [
                    1.0,
                    0.0,
                    0.0,
                    0.0
                ],
                [
                    -0.0,
                    -1.0,
                    0.0,
                    -0.0
                ],
                [
                    0.0,
                    -0.0,
                    -1.0,
                    0.03515625
                ],
                [
                    0.0,
                    0.0,
                    0.0,
                    1.0
                ]
            ],
            "monst3r_im_id": 2,
            "color_code": "#000000"
        },
        {
            "transform_matrix": [
                [
                    1.0,
                    0.0,
                    0.0,
                    0.0
                ],
                [
                    -0.0,
                    -1.0,
                    0.0,
                    -0.0
                ],
                [
                    0.0,
                    -0.0,
                    -1.0,
                    0.06640625
                ],
                [
                    0.0,
                    0.0,
                    0.0,
                    1.0
                ]
            ],
            "monst3r_im_id": 3,
            "color_code": "#000000"
        },
        {
            "transform_matrix": [
                [
                    1.0,
                    0.0,
                    0.0,
                    0.0
                ],
                [
                    -0.0,
                    -1.0,
                    0.0,
                    -0.0
                ],
                [
                    0.0,
                    -0.0,
                    -1.0,
                    0.1015625
                ],
                [
                    0.0,
                    0.0,
                    0.0,
                    1.0
                ]
            ],
            "monst3r_im_id": 4,
            "color_code": "#000000"
        },
        {
            "transform_matrix": [
                [
                    1.0,
                    0.0,
                    0.0,
                    0.0
                ],
                [
                    -0.0,
                    -1.0,
                    0.0,
                    -0.0
                ],
                [
                    0.0,
                    -0.0,
                    -1.0,
                    0.1328125
                ],
                [
                    0.0,
                    0.0,
                    0.0,
                    1.0
                ]
            ],
            "monst3r_im_id": 5,
            "color_code": "#000000"
        },
        {
            "transform_matrix": [
                [
                    1.0,
                    0.0,
                    0.0,
                    0.0
                ],
                [
                    -0.0,
                    -1.0,
                    0.0,
                    -0.0
                ],
                [
                    0.0,
                    -0.0,
                    -1.0,
                    0.16796875
                ],
                [
                    0.0,
                    0.0,
                    0.0,
                    1.0
                ]
            ],
            "monst3r_im_id": 6,
            "color_code": "#000000"
        },
        {
            "transform_matrix": [
                [
                    1.0,
                    0.0,
                    0.0,
                    0.0
                ],
                [
                    -0.0,
                    -1.0,
                    0.0,
                    -0.0
                ],
                [
                    0.0,
                    -0.0,
                    -1.0,
                    0.19921875
                ],
                [
                    0.0,
                    0.0,
                    0.0,
                    1.0
                ]
            ],
            "monst3r_im_id": 7,
            "color_code": "#000000"
        },
        {
            "transform_matrix": [
                [
                    1.0,
                    0.0,
                    0.0,
                    0.0
                ],
                [
                    -0.0,
                    -1.0,
                    0.0,
                    -0.0
                ],
                [
                    0.0,
                    -0.0,
                    -1.0,
                    0.234375
                ],
                [
                    0.0,
                    0.0,
                    0.0,
                    1.0
                ]
            ],
            "monst3r_im_id": 8,
            "color_code": "#000000"
        },
        {
            "transform_matrix": [
                [
                    1.0,
                    0.0,
                    0.0,
                    0.0
                ],
                [
                    -0.0,
                    -1.0,
                    0.0,
                    -0.0
                ],
                [
                    0.0,
                    -0.0,
                    -1.0,
                    0.265625
                ],
                [
                    0.0,
                    0.0,
                    0.0,
                    1.0
                ]
            ],
            "monst3r_im_id": 9,
            "color_code": "#000000"
        },
        {
            "transform_matrix": [
                [
                    1.0,
                    0.0,
                    0.0,
                    0.0
                ],
                [
                    -0.0,
                    -1.0,
                    0.0,
                    -0.0
                ],
                [
                    0.0,
                    -0.0,
                    -1.0,
                    0.30078125
                ],
                [
                    0.0,
                    0.0,
                    0.0,
                    1.0
                ]
            ],
            "monst3r_im_id": 10,
            "color_code": "#000000"
        },
        {
            "transform_matrix": [
                [
                    1.0,
                    0.0,
                    0.0,
                    0.0
                ],
                [
                    -0.0,
                    -1.0,
                    0.0,
                    -0.0
                ],
                [
                    0.0,
                    -0.0,
                    -1.0,
                    0.33203125
                ],
                [
                    0.0,
                    0.0,
                    0.0,
                    1.0
                ]
            ],
            "monst3r_im_id": 11,
            "color_code": "#000000"
        },
        {
            "transform_matrix": [
                [
                    0.9985057558893039,
                    0.0,
                    0.054646641762598154,
                    0.0
                ],
                [
                    -0.0,
                    -0.9999999999999999,
                    0.0,
                    -0.0
                ],
                [
                    0.054646641762598154,
                    -0.0,
                    -0.9985057558893039,
                    0.30078125
                ],
                [
                    0.0,
                    0.0,
                    0.0,
                    1.0
                ]
            ],
            "monst3r_im_id": 12,
            "color_code": "#000000"
        },
        {
            "transform_matrix": [
                [
                    0.9948557948405752,
                    0.0,
                    0.10130127083174795,
                    0.00390625
                ],
                [
                    -0.0,
                    -0.9999999999999998,
                    0.0,
                    -0.0
                ],
                [
                    0.10130127083174795,
                    -0.0,
                    -0.9948557948405752,
                    0.265625
                ],
                [
                    0.0,
                    0.0,
                    0.0,
                    1.0
                ]
            ],
            "monst3r_im_id": 13,
            "color_code": "#000000"
        },
        {
            "transform_matrix": [
                [
                    0.9877722583110431,
                    0.0,
                    0.15590370653419947,
                    0.01171875
                ],
                [
                    -0.0,
                    -1.0,
                    0.0,
                    -0.0
                ],
                [
                    0.15590370653419947,
                    -0.0,
                    -0.9877722583110431,
                    0.234375
                ],
                [
                    0.0,
                    0.0,
                    0.0,
                    1.0
                ]
            ],
            "monst3r_im_id": 14,
            "color_code": "#000000"
        },
        {
            "transform_matrix": [
                [
                    0.977826444018615,
                    0.0,
                    0.209416917601971,
                    0.015625
                ],
                [
                    -0.0,
                    -1.0000000000000002,
                    0.0,
                    -0.0
                ],
                [
                    0.209416917601971,
                    -0.0,
                    -0.977826444018615,
                    0.203125
                ],
                [
                    0.0,
                    0.0,
                    0.0,
                    1.0
                ]
            ],
            "monst3r_im_id": 15,
            "color_code": "#000000"
        },
        {
            "transform_matrix": [
                [
                    0.9668013108756955,
                    0.0,
                    0.2555293041688895,
                    0.02734375
                ],
                [
                    -0.0,
                    -1.0,
                    0.0,
                    -0.0
                ],
                [
                    0.2555293041688895,
                    -0.0,
                    -0.9668013108756955,
                    0.16796875
                ],
                [
                    0.0,
                    0.0,
                    0.0,
                    1.0
                ]
            ],
            "monst3r_im_id": 16,
            "color_code": "#000000"
        },
        {
            "transform_matrix": [
                [
                    0.9512262037220505,
                    0.0,
                    0.30849426145803177,
                    0.03515625
                ],
                [
                    -0.0,
                    -1.0000000000000002,
                    0.0,
                    -0.0
                ],
                [
                    0.30849426145803177,
                    -0.0,
                    -0.9512262037220505,
                    0.13671875
                ],
                [
                    0.0,
                    0.0,
                    0.0,
                    1.0
                ]
            ],
            "monst3r_im_id": 17,
            "color_code": "#000000"
        },
        {
            "transform_matrix": [
                [
                    0.9327682498135833,
                    0.0,
                    0.36047661802078745,
                    0.046875
                ],
                [
                    -0.0,
                    -1.0,
                    0.0,
                    -0.0
                ],
                [
                    0.36047661802078745,
                    -0.0,
                    -0.9327682498135833,
                    0.10546875
                ],
                [
                    0.0,
                    0.0,
                    0.0,
                    1.0
                ]
            ],
            "monst3r_im_id": 18,
            "color_code": "#000000"
        },
        {
            "transform_matrix": [
                [
                    0.9139781653370899,
                    0.0,
                    0.4057633710514631,
                    0.0625
                ],
                [
                    -0.0,
                    -1.0,
                    0.0,
                    -0.0
                ],
                [
                    0.4057633710514631,
                    -0.0,
                    -0.9139781653370899,
                    0.07421875
                ],
                [
                    0.0,
                    0.0,
                    0.0,
                    1.0
                ]
            ],
            "monst3r_im_id": 19,
            "color_code": "#000000"
        },
        {
            "transform_matrix": [
                [
                    0.8902455755247634,
                    0.0,
                    0.45548086157223217,
                    0.078125
                ],
                [
                    -0.0,
                    -1.0,
                    0.0,
                    -0.0
                ],
                [
                    0.45548086157223217,
                    -0.0,
                    -0.8902455755247634,
                    0.046875
                ],
                [
                    0.0,
                    0.0,
                    0.0,
                    1.0
                ]
            ],
            "monst3r_im_id": 20,
            "color_code": "#000000"
        },
        {
            "transform_matrix": [
                [
                    0.8667176623575306,
                    0.0,
                    0.49879905148014986,
                    0.09375
                ],
                [
                    -0.0,
                    -0.9999999999999998,
                    0.0,
                    -0.0
                ],
                [
                    0.49879905148014986,
                    -0.0,
                    -0.8667176623575306,
                    0.015625
                ],
                [
                    0.0,
                    0.0,
                    0.0,
                    1.0
                ]
            ],
            "monst3r_im_id": 21,
            "color_code": "#000000"
        }
    ]
}